0	130.5	172.35
0	132.91667	172.35
0	135.33333	172.35
0	137.75	172.35
0	140.16667	172.35
0	142.58333	172.35
0	145	172.35
0	147.41667	172.35
0	149.83333	172.35
0	152.25	172.35
0	154.66667	172.35
0	157.08333	172.35
0	159.5	172.35
0	159.5	175.54167
0	159.5	178.73333
0	159.5	181.925
0	159.5	185.11667
0	159.5	188.30833
0	159.5	191.5
0	159.5	194.69167
0	159.5	197.88333
0	159.5	201.075
0	159.5	204.26667
0	159.5	207.45833
0	159.5	210.65
0	157.08333	210.65
0	154.66667	210.65
0	152.25	210.65
0	149.83333	210.65
0	147.41667	210.65
0	145	210.65
0	142.58333	210.65
0	140.16667	210.65
0	137.75	210.65
0	135.33333	210.65
0	132.91667	210.65
0	130.5	210.65
0	130.5	207.45833
0	130.5	204.26667
0	130.5	201.075
0	130.5	197.88333
0	130.5	194.69167
0	130.5	191.5
0	130.5	188.30833
0	130.5	185.11667
0	130.5	181.925
0	130.5	178.73333
0	130.5	175.54167
450	130.5	172.35
450	132.91667	172.35
450	135.33333	172.35
450	137.75	172.35
450	140.16667	172.35
450	142.58333	172.35
450	145	172.35
450	147.41667	172.35
450	149.83333	172.35
450	152.25	172.35
450	154.66667	172.35
450	157.08333	172.35
450	159.5	172.35
450	159.5	175.54167
450	159.5	178.73333
450	159.5	181.925
450	159.5	185.11667
450	159.5	188.30833
450	159.5	191.5
450	159.5	194.69167
450	159.5	197.88333
450	159.5	201.075
450	159.5	204.26667
450	159.5	207.45833
450	159.5	210.65
450	157.08333	210.65
450	154.66667	210.65
450	152.25	210.65
450	149.83333	210.65
450	147.41667	210.65
450	145	210.65
450	142.58333	210.65
450	140.16667	210.65
450	137.75	210.65
450	135.33333	210.65
450	132.91667	210.65
450	130.5	210.65
450	130.5	207.45833
450	130.5	204.26667
450	130.5	201.075
450	130.5	197.88333
450	130.5	194.69167
450	130.5	191.5
450	130.5	188.30833
450	130.5	185.11667
450	130.5	181.925
450	130.5	178.73333
450	130.5	175.54167
0	116	153.2
0	120.83333	153.2
0	125.66667	153.2
0	130.5	153.2
0	135.33333	153.2
0	140.16667	153.2
0	145	153.2
0	149.83333	153.2
0	154.66667	153.2
0	159.5	153.2
0	164.33333	153.2
0	169.16667	153.2
0	174	153.2
0	174	159.58333
0	174	165.96667
0	174	172.35
0	174	178.73333
0	174	185.11667
0	174	191.5
0	174	197.88333
0	174	204.26667
0	174	210.65
0	174	217.03333
0	174	223.41667
0	174	229.8
0	169.16667	229.8
0	164.33333	229.8
0	159.5	229.8
0	154.66667	229.8
0	149.83333	229.8
0	145	229.8
0	140.16667	229.8
0	135.33333	229.8
0	130.5	229.8
0	125.66667	229.8
0	120.83333	229.8
0	116	229.8
0	116	223.41667
0	116	217.03333
0	116	210.65
0	116	204.26667
0	116	197.88333
0	116	191.5
0	116	185.11667
0	116	178.73333
0	116	172.35
0	116	165.96667
0	116	159.58333
450	116	153.2
450	120.83333	153.2
450	125.66667	153.2
450	130.5	153.2
450	135.33333	153.2
450	140.16667	153.2
450	145	153.2
450	149.83333	153.2
450	154.66667	153.2
450	159.5	153.2
450	164.33333	153.2
450	169.16667	153.2
450	174	153.2
450	174	159.58333
450	174	165.96667
450	174	172.35
450	174	178.73333
450	174	185.11667
450	174	191.5
450	174	197.88333
450	174	204.26667
450	174	210.65
450	174	217.03333
450	174	223.41667
450	174	229.8
450	169.16667	229.8
450	164.33333	229.8
450	159.5	229.8
450	154.66667	229.8
450	149.83333	229.8
450	145	229.8
450	140.16667	229.8
450	135.33333	229.8
450	130.5	229.8
450	125.66667	229.8
450	120.83333	229.8
450	116	229.8
450	116	223.41667
450	116	217.03333
450	116	210.65
450	116	204.26667
450	116	197.88333
450	116	191.5
450	116	185.11667
450	116	178.73333
450	116	172.35
450	116	165.96667
450	116	159.58333
0	101.5	134.05
0	108.75	134.05
0	116	134.05
0	123.25	134.05
0	130.5	134.05
0	137.75	134.05
0	145	134.05
0	152.25	134.05
0	159.5	134.05
0	166.75	134.05
0	174	134.05
0	181.25	134.05
0	188.5	134.05
0	188.5	143.625
0	188.5	153.2
0	188.5	162.775
0	188.5	172.35
0	188.5	181.925
0	188.5	191.5
0	188.5	201.075
0	188.5	210.65
0	188.5	220.225
0	188.5	229.8
0	188.5	239.375
0	188.5	248.95
0	181.25	248.95
0	174	248.95
0	166.75	248.95
0	159.5	248.95
0	152.25	248.95
0	145	248.95
0	137.75	248.95
0	130.5	248.95
0	123.25	248.95
0	116	248.95
0	108.75	248.95
0	101.5	248.95
0	101.5	239.375
0	101.5	229.8
0	101.5	220.225
0	101.5	210.65
0	101.5	201.075
0	101.5	191.5
0	101.5	181.925
0	101.5	172.35
0	101.5	162.775
0	101.5	153.2
0	101.5	143.625
450	101.5	134.05
450	108.75	134.05
450	116	134.05
450	123.25	134.05
450	130.5	134.05
450	137.75	134.05
450	145	134.05
450	152.25	134.05
450	159.5	134.05
450	166.75	134.05
450	174	134.05
450	181.25	134.05
450	188.5	134.05
450	188.5	143.625
450	188.5	153.2
450	188.5	162.775
450	188.5	172.35
450	188.5	181.925
450	188.5	191.5
450	188.5	201.075
450	188.5	210.65
450	188.5	220.225
450	188.5	229.8
450	188.5	239.375
450	188.5	248.95
450	181.25	248.95
450	174	248.95
450	166.75	248.95
450	159.5	248.95
450	152.25	248.95
450	145	248.95
450	137.75	248.95
450	130.5	248.95
450	123.25	248.95
450	116	248.95
450	108.75	248.95
450	101.5	248.95
450	101.5	239.375
450	101.5	229.8
450	101.5	220.225
450	101.5	210.65
450	101.5	201.075
450	101.5	191.5
450	101.5	181.925
450	101.5	172.35
450	101.5	162.775
450	101.5	153.2
450	101.5	143.625
0	87	114.9
0	96.666667	114.9
0	106.33333	114.9
0	116	114.9
0	125.66667	114.9
0	135.33333	114.9
0	145	114.9
0	154.66667	114.9
0	164.33333	114.9
0	174	114.9
0	183.66667	114.9
0	193.33333	114.9
0	203	114.9
0	203	127.66667
0	203	140.43333
0	203	153.2
0	203	165.96667
0	203	178.73333
0	203	191.5
0	203	204.26667
0	203	217.03333
0	203	229.8
0	203	242.56667
0	203	255.33333
0	203	268.1
0	193.33333	268.1
0	183.66667	268.1
0	174	268.1
0	164.33333	268.1
0	154.66667	268.1
0	145	268.1
0	135.33333	268.1
0	125.66667	268.1
0	116	268.1
0	106.33333	268.1
0	96.666667	268.1
0	87	268.1
0	87	255.33333
0	87	242.56667
0	87	229.8
0	87	217.03333
0	87	204.26667
0	87	191.5
0	87	178.73333
0	87	165.96667
0	87	153.2
0	87	140.43333
0	87	127.66667
450	87	114.9
450	96.666667	114.9
450	106.33333	114.9
450	116	114.9
450	125.66667	114.9
450	135.33333	114.9
450	145	114.9
450	154.66667	114.9
450	164.33333	114.9
450	174	114.9
450	183.66667	114.9
450	193.33333	114.9
450	203	114.9
450	203	127.66667
450	203	140.43333
450	203	153.2
450	203	165.96667
450	203	178.73333
450	203	191.5
450	203	204.26667
450	203	217.03333
450	203	229.8
450	203	242.56667
450	203	255.33333
450	203	268.1
450	193.33333	268.1
450	183.66667	268.1
450	174	268.1
450	164.33333	268.1
450	154.66667	268.1
450	145	268.1
450	135.33333	268.1
450	125.66667	268.1
450	116	268.1
450	106.33333	268.1
450	96.666667	268.1
450	87	268.1
450	87	255.33333
450	87	242.56667
450	87	229.8
450	87	217.03333
450	87	204.26667
450	87	191.5
450	87	178.73333
450	87	165.96667
450	87	153.2
450	87	140.43333
450	87	127.66667
0	72.5	95.75
0	84.583333	95.75
0	96.666667	95.75
0	108.75	95.75
0	120.83333	95.75
0	132.91667	95.75
0	145	95.75
0	157.08333	95.75
0	169.16667	95.75
0	181.25	95.75
0	193.33333	95.75
0	205.41667	95.75
0	217.5	95.75
0	217.5	111.70833
0	217.5	127.66667
0	217.5	143.625
0	217.5	159.58333
0	217.5	175.54167
0	217.5	191.5
0	217.5	207.45833
0	217.5	223.41667
0	217.5	239.375
0	217.5	255.33333
0	217.5	271.29167
0	217.5	287.25
0	205.41667	287.25
0	193.33333	287.25
0	181.25	287.25
0	169.16667	287.25
0	157.08333	287.25
0	145	287.25
0	132.91667	287.25
0	120.83333	287.25
0	108.75	287.25
0	96.666667	287.25
0	84.583333	287.25
0	72.5	287.25
0	72.5	271.29167
0	72.5	255.33333
0	72.5	239.375
0	72.5	223.41667
0	72.5	207.45833
0	72.5	191.5
0	72.5	175.54167
0	72.5	159.58333
0	72.5	143.625
0	72.5	127.66667
0	72.5	111.70833
450	72.5	95.75
450	84.583333	95.75
450	96.666667	95.75
450	108.75	95.75
450	120.83333	95.75
450	132.91667	95.75
450	145	95.75
450	157.08333	95.75
450	169.16667	95.75
450	181.25	95.75
450	193.33333	95.75
450	205.41667	95.75
450	217.5	95.75
450	217.5	111.70833
450	217.5	127.66667
450	217.5	143.625
450	217.5	159.58333
450	217.5	175.54167
450	217.5	191.5
450	217.5	207.45833
450	217.5	223.41667
450	217.5	239.375
450	217.5	255.33333
450	217.5	271.29167
450	217.5	287.25
450	205.41667	287.25
450	193.33333	287.25
450	181.25	287.25
450	169.16667	287.25
450	157.08333	287.25
450	145	287.25
450	132.91667	287.25
450	120.83333	287.25
450	108.75	287.25
450	96.666667	287.25
450	84.583333	287.25
450	72.5	287.25
450	72.5	271.29167
450	72.5	255.33333
450	72.5	239.375
450	72.5	223.41667
450	72.5	207.45833
450	72.5	191.5
450	72.5	175.54167
450	72.5	159.58333
450	72.5	143.625
450	72.5	127.66667
450	72.5	111.70833
0	58	76.6
0	72.5	76.6
0	87	76.6
0	101.5	76.6
0	116	76.6
0	130.5	76.6
0	145	76.6
0	159.5	76.6
0	174	76.6
0	188.5	76.6
0	203	76.6
0	217.5	76.6
0	232	76.6
0	232	95.75
0	232	114.9
0	232	134.05
0	232	153.2
0	232	172.35
0	232	191.5
0	232	210.65
0	232	229.8
0	232	248.95
0	232	268.1
0	232	287.25
0	232	306.4
0	217.5	306.4
0	203	306.4
0	188.5	306.4
0	174	306.4
0	159.5	306.4
0	145	306.4
0	130.5	306.4
0	116	306.4
0	101.5	306.4
0	87	306.4
0	72.5	306.4
0	58	306.4
0	58	287.25
0	58	268.1
0	58	248.95
0	58	229.8
0	58	210.65
0	58	191.5
0	58	172.35
0	58	153.2
0	58	134.05
0	58	114.9
0	58	95.75
450	58	76.6
450	72.5	76.6
450	87	76.6
450	101.5	76.6
450	116	76.6
450	130.5	76.6
450	145	76.6
450	159.5	76.6
450	174	76.6
450	188.5	76.6
450	203	76.6
450	217.5	76.6
450	232	76.6
450	232	95.75
450	232	114.9
450	232	134.05
450	232	153.2
450	232	172.35
450	232	191.5
450	232	210.65
450	232	229.8
450	232	248.95
450	232	268.1
450	232	287.25
450	232	306.4
450	217.5	306.4
450	203	306.4
450	188.5	306.4
450	174	306.4
450	159.5	306.4
450	145	306.4
450	130.5	306.4
450	116	306.4
450	101.5	306.4
450	87	306.4
450	72.5	306.4
450	58	306.4
450	58	287.25
450	58	268.1
450	58	248.95
450	58	229.8
450	58	210.65
450	58	191.5
450	58	172.35
450	58	153.2
450	58	134.05
450	58	114.9
450	58	95.75
0	43.5	57.45
0	60.416667	57.45
0	77.333333	57.45
0	94.25	57.45
0	111.16667	57.45
0	128.08333	57.45
0	145	57.45
0	161.91667	57.45
0	178.83333	57.45
0	195.75	57.45
0	212.66667	57.45
0	229.58333	57.45
0	246.5	57.45
0	246.5	79.791667
0	246.5	102.13333
0	246.5	124.475
0	246.5	146.81667
0	246.5	169.15833
0	246.5	191.5
0	246.5	213.84167
0	246.5	236.18333
0	246.5	258.525
0	246.5	280.86667
0	246.5	303.20833
0	246.5	325.55
0	229.58333	325.55
0	212.66667	325.55
0	195.75	325.55
0	178.83333	325.55
0	161.91667	325.55
0	145	325.55
0	128.08333	325.55
0	111.16667	325.55
0	94.25	325.55
0	77.333333	325.55
0	60.416667	325.55
0	43.5	325.55
0	43.5	303.20833
0	43.5	280.86667
0	43.5	258.525
0	43.5	236.18333
0	43.5	213.84167
0	43.5	191.5
0	43.5	169.15833
0	43.5	146.81667
0	43.5	124.475
0	43.5	102.13333
0	43.5	79.791667
450	43.5	57.45
450	60.416667	57.45
450	77.333333	57.45
450	94.25	57.45
450	111.16667	57.45
450	128.08333	57.45
450	145	57.45
450	161.91667	57.45
450	178.83333	57.45
450	195.75	57.45
450	212.66667	57.45
450	229.58333	57.45
450	246.5	57.45
450	246.5	79.791667
450	246.5	102.13333
450	246.5	124.475
450	246.5	146.81667
450	246.5	169.15833
450	246.5	191.5
450	246.5	213.84167
450	246.5	236.18333
450	246.5	258.525
450	246.5	280.86667
450	246.5	303.20833
450	246.5	325.55
450	229.58333	325.55
450	212.66667	325.55
450	195.75	325.55
450	178.83333	325.55
450	161.91667	325.55
450	145	325.55
450	128.08333	325.55
450	111.16667	325.55
450	94.25	325.55
450	77.333333	325.55
450	60.416667	325.55
450	43.5	325.55
450	43.5	303.20833
450	43.5	280.86667
450	43.5	258.525
450	43.5	236.18333
450	43.5	213.84167
450	43.5	191.5
450	43.5	169.15833
450	43.5	146.81667
450	43.5	124.475
450	43.5	102.13333
450	43.5	79.791667
0	29	38.3
0	48.333333	38.3
0	67.666667	38.3
0	87	38.3
0	106.33333	38.3
0	125.66667	38.3
0	145	38.3
0	164.33333	38.3
0	183.66667	38.3
0	203	38.3
0	222.33333	38.3
0	241.66667	38.3
0	261	38.3
0	261	63.833333
0	261	89.366667
0	261	114.9
0	261	140.43333
0	261	165.96667
0	261	191.5
0	261	217.03333
0	261	242.56667
0	261	268.1
0	261	293.63333
0	261	319.16667
0	261	344.7
0	241.66667	344.7
0	222.33333	344.7
0	203	344.7
0	183.66667	344.7
0	164.33333	344.7
0	145	344.7
0	125.66667	344.7
0	106.33333	344.7
0	87	344.7
0	67.666667	344.7
0	48.333333	344.7
0	29	344.7
0	29	319.16667
0	29	293.63333
0	29	268.1
0	29	242.56667
0	29	217.03333
0	29	191.5
0	29	165.96667
0	29	140.43333
0	29	114.9
0	29	89.366667
0	29	63.833333
450	29	38.3
450	48.333333	38.3
450	67.666667	38.3
450	87	38.3
450	106.33333	38.3
450	125.66667	38.3
450	145	38.3
450	164.33333	38.3
450	183.66667	38.3
450	203	38.3
450	222.33333	38.3
450	241.66667	38.3
450	261	38.3
450	261	63.833333
450	261	89.366667
450	261	114.9
450	261	140.43333
450	261	165.96667
450	261	191.5
450	261	217.03333
450	261	242.56667
450	261	268.1
450	261	293.63333
450	261	319.16667
450	261	344.7
450	241.66667	344.7
450	222.33333	344.7
450	203	344.7
450	183.66667	344.7
450	164.33333	344.7
450	145	344.7
450	125.66667	344.7
450	106.33333	344.7
450	87	344.7
450	67.666667	344.7
450	48.333333	344.7
450	29	344.7
450	29	319.16667
450	29	293.63333
450	29	268.1
450	29	242.56667
450	29	217.03333
450	29	191.5
450	29	165.96667
450	29	140.43333
450	29	114.9
450	29	89.366667
450	29	63.833333
0	14.5	19.15
0	36.25	19.15
0	58	19.15
0	79.75	19.15
0	101.5	19.15
0	123.25	19.15
0	145	19.15
0	166.75	19.15
0	188.5	19.15
0	210.25	19.15
0	232	19.15
0	253.75	19.15
0	275.5	19.15
0	275.5	47.875
0	275.5	76.6
0	275.5	105.325
0	275.5	134.05
0	275.5	162.775
0	275.5	191.5
0	275.5	220.225
0	275.5	248.95
0	275.5	277.675
0	275.5	306.4
0	275.5	335.125
0	275.5	363.85
0	253.75	363.85
0	232	363.85
0	210.25	363.85
0	188.5	363.85
0	166.75	363.85
0	145	363.85
0	123.25	363.85
0	101.5	363.85
0	79.75	363.85
0	58	363.85
0	36.25	363.85
0	14.5	363.85
0	14.5	335.125
0	14.5	306.4
0	14.5	277.675
0	14.5	248.95
0	14.5	220.225
0	14.5	191.5
0	14.5	162.775
0	14.5	134.05
0	14.5	105.325
0	14.5	76.6
0	14.5	47.875
450	14.5	19.15
450	36.25	19.15
450	58	19.15
450	79.75	19.15
450	101.5	19.15
450	123.25	19.15
450	145	19.15
450	166.75	19.15
450	188.5	19.15
450	210.25	19.15
450	232	19.15
450	253.75	19.15
450	275.5	19.15
450	275.5	47.875
450	275.5	76.6
450	275.5	105.325
450	275.5	134.05
450	275.5	162.775
450	275.5	191.5
450	275.5	220.225
450	275.5	248.95
450	275.5	277.675
450	275.5	306.4
450	275.5	335.125
450	275.5	363.85
450	253.75	363.85
450	232	363.85
450	210.25	363.85
450	188.5	363.85
450	166.75	363.85
450	145	363.85
450	123.25	363.85
450	101.5	363.85
450	79.75	363.85
450	58	363.85
450	36.25	363.85
450	14.5	363.85
450	14.5	335.125
450	14.5	306.4
450	14.5	277.675
450	14.5	248.95
450	14.5	220.225
450	14.5	191.5
450	14.5	162.775
450	14.5	134.05
450	14.5	105.325
450	14.5	76.6
450	14.5	47.875
0	0	0
0	24.166667	0
0	48.333333	0
0	72.5	0
0	96.666667	0
0	120.83333	0
0	145	0
0	169.16667	0
0	193.33333	0
0	217.5	0
0	241.66667	0
0	265.83333	0
0	290	0
0	290	31.916667
0	290	63.833333
0	290	95.75
0	290	127.66667
0	290	159.58333
0	290	191.5
0	290	223.41667
0	290	255.33333
0	290	287.25
0	290	319.16667
0	290	351.08333
0	290	383
0	265.83333	383
0	241.66667	383
0	217.5	383
0	193.33333	383
0	169.16667	383
0	145	383
0	120.83333	383
0	96.666667	383
0	72.5	383
0	48.333333	383
0	24.166667	383
0	0	383
0	0	351.08333
0	0	319.16667
0	0	287.25
0	0	255.33333
0	0	223.41667
0	0	191.5
0	0	159.58333
0	0	127.66667
0	0	95.75
0	0	63.833333
0	0	31.916667
450	0	0
450	24.166667	0
450	48.333333	0
450	72.5	0
450	96.666667	0
450	120.83333	0
450	145	0
450	169.16667	0
450	193.33333	0
450	217.5	0
450	241.66667	0
450	265.83333	0
450	290	0
450	290	31.916667
450	290	63.833333
450	290	95.75
450	290	127.66667
450	290	159.58333
450	290	191.5
450	290	223.41667
450	290	255.33333
450	290	287.25
450	290	319.16667
450	290	351.08333
450	290	383
450	265.83333	383
450	241.66667	383
450	217.5	383
450	193.33333	383
450	169.16667	383
450	145	383
450	120.83333	383
450	96.666667	383
450	72.5	383
450	48.333333	383
450	24.166667	383
450	0	383
450	0	351.08333
450	0	319.16667
450	0	287.25
450	0	255.33333
450	0	223.41667
450	0	191.5
450	0	159.58333
450	0	127.66667
450	0	95.75
450	0	63.833333
450	0	31.916667
25	0	0
25	24.166667	0
25	48.333333	0
25	72.5	0
25	96.666667	0
25	120.83333	0
25	145	0
25	169.16667	0
25	193.33333	0
25	217.5	0
25	241.66667	0
25	265.83333	0
25	290	0
25	290	31.916667
25	290	63.833333
25	290	95.75
25	290	127.66667
25	290	159.58333
25	290	191.5
25	290	223.41667
25	290	255.33333
25	290	287.25
25	290	319.16667
25	290	351.08333
25	290	383
25	265.83333	383
25	241.66667	383
25	217.5	383
25	193.33333	383
25	169.16667	383
25	145	383
25	120.83333	383
25	96.666667	383
25	72.5	383
25	48.333333	383
25	24.166667	383
25	0	383
25	0	351.08333
25	0	319.16667
25	0	287.25
25	0	255.33333
25	0	223.41667
25	0	191.5
25	0	159.58333
25	0	127.66667
25	0	95.75
25	0	63.833333
25	0	31.916667
450	0	0
450	24.166667	0
450	48.333333	0
450	72.5	0
450	96.666667	0
450	120.83333	0
450	145	0
450	169.16667	0
450	193.33333	0
450	217.5	0
450	241.66667	0
450	265.83333	0
450	290	0
450	290	31.916667
450	290	63.833333
450	290	95.75
450	290	127.66667
450	290	159.58333
450	290	191.5
450	290	223.41667
450	290	255.33333
450	290	287.25
450	290	319.16667
450	290	351.08333
450	290	383
450	265.83333	383
450	241.66667	383
450	217.5	383
450	193.33333	383
450	169.16667	383
450	145	383
450	120.83333	383
450	96.666667	383
450	72.5	383
450	48.333333	383
450	24.166667	383
450	0	383
450	0	351.08333
450	0	319.16667
450	0	287.25
450	0	255.33333
450	0	223.41667
450	0	191.5
450	0	159.58333
450	0	127.66667
450	0	95.75
450	0	63.833333
450	0	31.916667
50	0	0
50	24.166667	0
50	48.333333	0
50	72.5	0
50	96.666667	0
50	120.83333	0
50	145	0
50	169.16667	0
50	193.33333	0
50	217.5	0
50	241.66667	0
50	265.83333	0
50	290	0
50	290	31.916667
50	290	63.833333
50	290	95.75
50	290	127.66667
50	290	159.58333
50	290	191.5
50	290	223.41667
50	290	255.33333
50	290	287.25
50	290	319.16667
50	290	351.08333
50	290	383
50	265.83333	383
50	241.66667	383
50	217.5	383
50	193.33333	383
50	169.16667	383
50	145	383
50	120.83333	383
50	96.666667	383
50	72.5	383
50	48.333333	383
50	24.166667	383
50	0	383
50	0	351.08333
50	0	319.16667
50	0	287.25
50	0	255.33333
50	0	223.41667
50	0	191.5
50	0	159.58333
50	0	127.66667
50	0	95.75
50	0	63.833333
50	0	31.916667
450	0	0
450	24.166667	0
450	48.333333	0
450	72.5	0
450	96.666667	0
450	120.83333	0
450	145	0
450	169.16667	0
450	193.33333	0
450	217.5	0
450	241.66667	0
450	265.83333	0
450	290	0
450	290	31.916667
450	290	63.833333
450	290	95.75
450	290	127.66667
450	290	159.58333
450	290	191.5
450	290	223.41667
450	290	255.33333
450	290	287.25
450	290	319.16667
450	290	351.08333
450	290	383
450	265.83333	383
450	241.66667	383
450	217.5	383
450	193.33333	383
450	169.16667	383
450	145	383
450	120.83333	383
450	96.666667	383
450	72.5	383
450	48.333333	383
450	24.166667	383
450	0	383
450	0	351.08333
450	0	319.16667
450	0	287.25
450	0	255.33333
450	0	223.41667
450	0	191.5
450	0	159.58333
450	0	127.66667
450	0	95.75
450	0	63.833333
450	0	31.916667
75	0	0
75	24.166667	0
75	48.333333	0
75	72.5	0
75	96.666667	0
75	120.83333	0
75	145	0
75	169.16667	0
75	193.33333	0
75	217.5	0
75	241.66667	0
75	265.83333	0
75	290	0
75	290	31.916667
75	290	63.833333
75	290	95.75
75	290	127.66667
75	290	159.58333
75	290	191.5
75	290	223.41667
75	290	255.33333
75	290	287.25
75	290	319.16667
75	290	351.08333
75	290	383
75	265.83333	383
75	241.66667	383
75	217.5	383
75	193.33333	383
75	169.16667	383
75	145	383
75	120.83333	383
75	96.666667	383
75	72.5	383
75	48.333333	383
75	24.166667	383
75	0	383
75	0	351.08333
75	0	319.16667
75	0	287.25
75	0	255.33333
75	0	223.41667
75	0	191.5
75	0	159.58333
75	0	127.66667
75	0	95.75
75	0	63.833333
75	0	31.916667
450	0	0
450	24.166667	0
450	48.333333	0
450	72.5	0
450	96.666667	0
450	120.83333	0
450	145	0
450	169.16667	0
450	193.33333	0
450	217.5	0
450	241.66667	0
450	265.83333	0
450	290	0
450	290	31.916667
450	290	63.833333
450	290	95.75
450	290	127.66667
450	290	159.58333
450	290	191.5
450	290	223.41667
450	290	255.33333
450	290	287.25
450	290	319.16667
450	290	351.08333
450	290	383
450	265.83333	383
450	241.66667	383
450	217.5	383
450	193.33333	383
450	169.16667	383
450	145	383
450	120.83333	383
450	96.666667	383
450	72.5	383
450	48.333333	383
450	24.166667	383
450	0	383
450	0	351.08333
450	0	319.16667
450	0	287.25
450	0	255.33333
450	0	223.41667
450	0	191.5
450	0	159.58333
450	0	127.66667
450	0	95.75
450	0	63.833333
450	0	31.916667
100	0	0
100	24.166667	0
100	48.333333	0
100	72.5	0
100	96.666667	0
100	120.83333	0
100	145	0
100	169.16667	0
100	193.33333	0
100	217.5	0
100	241.66667	0
100	265.83333	0
100	290	0
100	290	31.916667
100	290	63.833333
100	290	95.75
100	290	127.66667
100	290	159.58333
100	290	191.5
100	290	223.41667
100	290	255.33333
100	290	287.25
100	290	319.16667
100	290	351.08333
100	290	383
100	265.83333	383
100	241.66667	383
100	217.5	383
100	193.33333	383
100	169.16667	383
100	145	383
100	120.83333	383
100	96.666667	383
100	72.5	383
100	48.333333	383
100	24.166667	383
100	0	383
100	0	351.08333
100	0	319.16667
100	0	287.25
100	0	255.33333
100	0	223.41667
100	0	191.5
100	0	159.58333
100	0	127.66667
100	0	95.75
100	0	63.833333
100	0	31.916667
450	0	0
450	24.166667	0
450	48.333333	0
450	72.5	0
450	96.666667	0
450	120.83333	0
450	145	0
450	169.16667	0
450	193.33333	0
450	217.5	0
450	241.66667	0
450	265.83333	0
450	290	0
450	290	31.916667
450	290	63.833333
450	290	95.75
450	290	127.66667
450	290	159.58333
450	290	191.5
450	290	223.41667
450	290	255.33333
450	290	287.25
450	290	319.16667
450	290	351.08333
450	290	383
450	265.83333	383
450	241.66667	383
450	217.5	383
450	193.33333	383
450	169.16667	383
450	145	383
450	120.83333	383
450	96.666667	383
450	72.5	383
450	48.333333	383
450	24.166667	383
450	0	383
450	0	351.08333
450	0	319.16667
450	0	287.25
450	0	255.33333
450	0	223.41667
450	0	191.5
450	0	159.58333
450	0	127.66667
450	0	95.75
450	0	63.833333
450	0	31.916667
125	0	0
125	24.166667	0
125	48.333333	0
125	72.5	0
125	96.666667	0
125	120.83333	0
125	145	0
125	169.16667	0
125	193.33333	0
125	217.5	0
125	241.66667	0
125	265.83333	0
125	290	0
125	290	31.916667
125	290	63.833333
125	290	95.75
125	290	127.66667
125	290	159.58333
125	290	191.5
125	290	223.41667
125	290	255.33333
125	290	287.25
125	290	319.16667
125	290	351.08333
125	290	383
125	265.83333	383
125	241.66667	383
125	217.5	383
125	193.33333	383
125	169.16667	383
125	145	383
125	120.83333	383
125	96.666667	383
125	72.5	383
125	48.333333	383
125	24.166667	383
125	0	383
125	0	351.08333
125	0	319.16667
125	0	287.25
125	0	255.33333
125	0	223.41667
125	0	191.5
125	0	159.58333
125	0	127.66667
125	0	95.75
125	0	63.833333
125	0	31.916667
450	0	0
450	24.166667	0
450	48.333333	0
450	72.5	0
450	96.666667	0
450	120.83333	0
450	145	0
450	169.16667	0
450	193.33333	0
450	217.5	0
450	241.66667	0
450	265.83333	0
450	290	0
450	290	31.916667
450	290	63.833333
450	290	95.75
450	290	127.66667
450	290	159.58333
450	290	191.5
450	290	223.41667
450	290	255.33333
450	290	287.25
450	290	319.16667
450	290	351.08333
450	290	383
450	265.83333	383
450	241.66667	383
450	217.5	383
450	193.33333	383
450	169.16667	383
450	145	383
450	120.83333	383
450	96.666667	383
450	72.5	383
450	48.333333	383
450	24.166667	383
450	0	383
450	0	351.08333
450	0	319.16667
450	0	287.25
450	0	255.33333
450	0	223.41667
450	0	191.5
450	0	159.58333
450	0	127.66667
450	0	95.75
450	0	63.833333
450	0	31.916667
150	0	0
150	24.166667	0
150	48.333333	0
150	72.5	0
150	96.666667	0
150	120.83333	0
150	145	0
150	169.16667	0
150	193.33333	0
150	217.5	0
150	241.66667	0
150	265.83333	0
150	290	0
150	290	31.916667
150	290	63.833333
150	290	95.75
150	290	127.66667
150	290	159.58333
150	290	191.5
150	290	223.41667
150	290	255.33333
150	290	287.25
150	290	319.16667
150	290	351.08333
150	290	383
150	265.83333	383
150	241.66667	383
150	217.5	383
150	193.33333	383
150	169.16667	383
150	145	383
150	120.83333	383
150	96.666667	383
150	72.5	383
150	48.333333	383
150	24.166667	383
150	0	383
150	0	351.08333
150	0	319.16667
150	0	287.25
150	0	255.33333
150	0	223.41667
150	0	191.5
150	0	159.58333
150	0	127.66667
150	0	95.75
150	0	63.833333
150	0	31.916667
450	0	0
450	24.166667	0
450	48.333333	0
450	72.5	0
450	96.666667	0
450	120.83333	0
450	145	0
450	169.16667	0
450	193.33333	0
450	217.5	0
450	241.66667	0
450	265.83333	0
450	290	0
450	290	31.916667
450	290	63.833333
450	290	95.75
450	290	127.66667
450	290	159.58333
450	290	191.5
450	290	223.41667
450	290	255.33333
450	290	287.25
450	290	319.16667
450	290	351.08333
450	290	383
450	265.83333	383
450	241.66667	383
450	217.5	383
450	193.33333	383
450	169.16667	383
450	145	383
450	120.83333	383
450	96.666667	383
450	72.5	383
450	48.333333	383
450	24.166667	383
450	0	383
450	0	351.08333
450	0	319.16667
450	0	287.25
450	0	255.33333
450	0	223.41667
450	0	191.5
450	0	159.58333
450	0	127.66667
450	0	95.75
450	0	63.833333
450	0	31.916667
175	0	0
175	24.166667	0
175	48.333333	0
175	72.5	0
175	96.666667	0
175	120.83333	0
175	145	0
175	169.16667	0
175	193.33333	0
175	217.5	0
175	241.66667	0
175	265.83333	0
175	290	0
175	290	31.916667
175	290	63.833333
175	290	95.75
175	290	127.66667
175	290	159.58333
175	290	191.5
175	290	223.41667
175	290	255.33333
175	290	287.25
175	290	319.16667
175	290	351.08333
175	290	383
175	265.83333	383
175	241.66667	383
175	217.5	383
175	193.33333	383
175	169.16667	383
175	145	383
175	120.83333	383
175	96.666667	383
175	72.5	383
175	48.333333	383
175	24.166667	383
175	0	383
175	0	351.08333
175	0	319.16667
175	0	287.25
175	0	255.33333
175	0	223.41667
175	0	191.5
175	0	159.58333
175	0	127.66667
175	0	95.75
175	0	63.833333
175	0	31.916667
450	0	0
450	24.166667	0
450	48.333333	0
450	72.5	0
450	96.666667	0
450	120.83333	0
450	145	0
450	169.16667	0
450	193.33333	0
450	217.5	0
450	241.66667	0
450	265.83333	0
450	290	0
450	290	31.916667
450	290	63.833333
450	290	95.75
450	290	127.66667
450	290	159.58333
450	290	191.5
450	290	223.41667
450	290	255.33333
450	290	287.25
450	290	319.16667
450	290	351.08333
450	290	383
450	265.83333	383
450	241.66667	383
450	217.5	383
450	193.33333	383
450	169.16667	383
450	145	383
450	120.83333	383
450	96.666667	383
450	72.5	383
450	48.333333	383
450	24.166667	383
450	0	383
450	0	351.08333
450	0	319.16667
450	0	287.25
450	0	255.33333
450	0	223.41667
450	0	191.5
450	0	159.58333
450	0	127.66667
450	0	95.75
450	0	63.833333
450	0	31.916667
200	0	0
200	24.166667	0
200	48.333333	0
200	72.5	0
200	96.666667	0
200	120.83333	0
200	145	0
200	169.16667	0
200	193.33333	0
200	217.5	0
200	241.66667	0
200	265.83333	0
200	290	0
200	290	31.916667
200	290	63.833333
200	290	95.75
200	290	127.66667
200	290	159.58333
200	290	191.5
200	290	223.41667
200	290	255.33333
200	290	287.25
200	290	319.16667
200	290	351.08333
200	290	383
200	265.83333	383
200	241.66667	383
200	217.5	383
200	193.33333	383
200	169.16667	383
200	145	383
200	120.83333	383
200	96.666667	383
200	72.5	383
200	48.333333	383
200	24.166667	383
200	0	383
200	0	351.08333
200	0	319.16667
200	0	287.25
200	0	255.33333
200	0	223.41667
200	0	191.5
200	0	159.58333
200	0	127.66667
200	0	95.75
200	0	63.833333
200	0	31.916667
450	0	0
450	24.166667	0
450	48.333333	0
450	72.5	0
450	96.666667	0
450	120.83333	0
450	145	0
450	169.16667	0
450	193.33333	0
450	217.5	0
450	241.66667	0
450	265.83333	0
450	290	0
450	290	31.916667
450	290	63.833333
450	290	95.75
450	290	127.66667
450	290	159.58333
450	290	191.5
450	290	223.41667
450	290	255.33333
450	290	287.25
450	290	319.16667
450	290	351.08333
450	290	383
450	265.83333	383
450	241.66667	383
450	217.5	383
450	193.33333	383
450	169.16667	383
450	145	383
450	120.83333	383
450	96.666667	383
450	72.5	383
450	48.333333	383
450	24.166667	383
450	0	383
450	0	351.08333
450	0	319.16667
450	0	287.25
450	0	255.33333
450	0	223.41667
450	0	191.5
450	0	159.58333
450	0	127.66667
450	0	95.75
450	0	63.833333
450	0	31.916667
225	0	0
225	24.166667	0
225	48.333333	0
225	72.5	0
225	96.666667	0
225	120.83333	0
225	145	0
225	169.16667	0
225	193.33333	0
225	217.5	0
225	241.66667	0
225	265.83333	0
225	290	0
225	290	31.916667
225	290	63.833333
225	290	95.75
225	290	127.66667
225	290	159.58333
225	290	191.5
225	290	223.41667
225	290	255.33333
225	290	287.25
225	290	319.16667
225	290	351.08333
225	290	383
225	265.83333	383
225	241.66667	383
225	217.5	383
225	193.33333	383
225	169.16667	383
225	145	383
225	120.83333	383
225	96.666667	383
225	72.5	383
225	48.333333	383
225	24.166667	383
225	0	383
225	0	351.08333
225	0	319.16667
225	0	287.25
225	0	255.33333
225	0	223.41667
225	0	191.5
225	0	159.58333
225	0	127.66667
225	0	95.75
225	0	63.833333
225	0	31.916667
450	0	0
450	24.166667	0
450	48.333333	0
450	72.5	0
450	96.666667	0
450	120.83333	0
450	145	0
450	169.16667	0
450	193.33333	0
450	217.5	0
450	241.66667	0
450	265.83333	0
450	290	0
450	290	31.916667
450	290	63.833333
450	290	95.75
450	290	127.66667
450	290	159.58333
450	290	191.5
450	290	223.41667
450	290	255.33333
450	290	287.25
450	290	319.16667
450	290	351.08333
450	290	383
450	265.83333	383
450	241.66667	383
450	217.5	383
450	193.33333	383
450	169.16667	383
450	145	383
450	120.83333	383
450	96.666667	383
450	72.5	383
450	48.333333	383
450	24.166667	383
450	0	383
450	0	351.08333
450	0	319.16667
450	0	287.25
450	0	255.33333
450	0	223.41667
450	0	191.5
450	0	159.58333
450	0	127.66667
450	0	95.75
450	0	63.833333
450	0	31.916667
250	0	0
250	24.166667	0
250	48.333333	0
250	72.5	0
250	96.666667	0
250	120.83333	0
250	145	0
250	169.16667	0
250	193.33333	0
250	217.5	0
250	241.66667	0
250	265.83333	0
250	290	0
250	290	31.916667
250	290	63.833333
250	290	95.75
250	290	127.66667
250	290	159.58333
250	290	191.5
250	290	223.41667
250	290	255.33333
250	290	287.25
250	290	319.16667
250	290	351.08333
250	290	383
250	265.83333	383
250	241.66667	383
250	217.5	383
250	193.33333	383
250	169.16667	383
250	145	383
250	120.83333	383
250	96.666667	383
250	72.5	383
250	48.333333	383
250	24.166667	383
250	0	383
250	0	351.08333
250	0	319.16667
250	0	287.25
250	0	255.33333
250	0	223.41667
250	0	191.5
250	0	159.58333
250	0	127.66667
250	0	95.75
250	0	63.833333
250	0	31.916667
450	0	0
450	24.166667	0
450	48.333333	0
450	72.5	0
450	96.666667	0
450	120.83333	0
450	145	0
450	169.16667	0
450	193.33333	0
450	217.5	0
450	241.66667	0
450	265.83333	0
450	290	0
450	290	31.916667
450	290	63.833333
450	290	95.75
450	290	127.66667
450	290	159.58333
450	290	191.5
450	290	223.41667
450	290	255.33333
450	290	287.25
450	290	319.16667
450	290	351.08333
450	290	383
450	265.83333	383
450	241.66667	383
450	217.5	383
450	193.33333	383
450	169.16667	383
450	145	383
450	120.83333	383
450	96.666667	383
450	72.5	383
450	48.333333	383
450	24.166667	383
450	0	383
450	0	351.08333
450	0	319.16667
450	0	287.25
450	0	255.33333
450	0	223.41667
450	0	191.5
450	0	159.58333
450	0	127.66667
450	0	95.75
450	0	63.833333
450	0	31.916667
275	0	0
275	24.166667	0
275	48.333333	0
275	72.5	0
275	96.666667	0
275	120.83333	0
275	145	0
275	169.16667	0
275	193.33333	0
275	217.5	0
275	241.66667	0
275	265.83333	0
275	290	0
275	290	31.916667
275	290	63.833333
275	290	95.75
275	290	127.66667
275	290	159.58333
275	290	191.5
275	290	223.41667
275	290	255.33333
275	290	287.25
275	290	319.16667
275	290	351.08333
275	290	383
275	265.83333	383
275	241.66667	383
275	217.5	383
275	193.33333	383
275	169.16667	383
275	145	383
275	120.83333	383
275	96.666667	383
275	72.5	383
275	48.333333	383
275	24.166667	383
275	0	383
275	0	351.08333
275	0	319.16667
275	0	287.25
275	0	255.33333
275	0	223.41667
275	0	191.5
275	0	159.58333
275	0	127.66667
275	0	95.75
275	0	63.833333
275	0	31.916667
450	0	0
450	24.166667	0
450	48.333333	0
450	72.5	0
450	96.666667	0
450	120.83333	0
450	145	0
450	169.16667	0
450	193.33333	0
450	217.5	0
450	241.66667	0
450	265.83333	0
450	290	0
450	290	31.916667
450	290	63.833333
450	290	95.75
450	290	127.66667
450	290	159.58333
450	290	191.5
450	290	223.41667
450	290	255.33333
450	290	287.25
450	290	319.16667
450	290	351.08333
450	290	383
450	265.83333	383
450	241.66667	383
450	217.5	383
450	193.33333	383
450	169.16667	383
450	145	383
450	120.83333	383
450	96.666667	383
450	72.5	383
450	48.333333	383
450	24.166667	383
450	0	383
450	0	351.08333
450	0	319.16667
450	0	287.25
450	0	255.33333
450	0	223.41667
450	0	191.5
450	0	159.58333
450	0	127.66667
450	0	95.75
450	0	63.833333
450	0	31.916667
300	0	0
300	24.166667	0
300	48.333333	0
300	72.5	0
300	96.666667	0
300	120.83333	0
300	145	0
300	169.16667	0
300	193.33333	0
300	217.5	0
300	241.66667	0
300	265.83333	0
300	290	0
300	290	31.916667
300	290	63.833333
300	290	95.75
300	290	127.66667
300	290	159.58333
300	290	191.5
300	290	223.41667
300	290	255.33333
300	290	287.25
300	290	319.16667
300	290	351.08333
300	290	383
300	265.83333	383
300	241.66667	383
300	217.5	383
300	193.33333	383
300	169.16667	383
300	145	383
300	120.83333	383
300	96.666667	383
300	72.5	383
300	48.333333	383
300	24.166667	383
300	0	383
300	0	351.08333
300	0	319.16667
300	0	287.25
300	0	255.33333
300	0	223.41667
300	0	191.5
300	0	159.58333
300	0	127.66667
300	0	95.75
300	0	63.833333
300	0	31.916667
450	0	0
450	24.166667	0
450	48.333333	0
450	72.5	0
450	96.666667	0
450	120.83333	0
450	145	0
450	169.16667	0
450	193.33333	0
450	217.5	0
450	241.66667	0
450	265.83333	0
450	290	0
450	290	31.916667
450	290	63.833333
450	290	95.75
450	290	127.66667
450	290	159.58333
450	290	191.5
450	290	223.41667
450	290	255.33333
450	290	287.25
450	290	319.16667
450	290	351.08333
450	290	383
450	265.83333	383
450	241.66667	383
450	217.5	383
450	193.33333	383
450	169.16667	383
450	145	383
450	120.83333	383
450	96.666667	383
450	72.5	383
450	48.333333	383
450	24.166667	383
450	0	383
450	0	351.08333
450	0	319.16667
450	0	287.25
450	0	255.33333
450	0	223.41667
450	0	191.5
450	0	159.58333
450	0	127.66667
450	0	95.75
450	0	63.833333
450	0	31.916667
325	0	0
325	24.166667	0
325	48.333333	0
325	72.5	0
325	96.666667	0
325	120.83333	0
325	145	0
325	169.16667	0
325	193.33333	0
325	217.5	0
325	241.66667	0
325	265.83333	0
325	290	0
325	290	31.916667
325	290	63.833333
325	290	95.75
325	290	127.66667
325	290	159.58333
325	290	191.5
325	290	223.41667
325	290	255.33333
325	290	287.25
325	290	319.16667
325	290	351.08333
325	290	383
325	265.83333	383
325	241.66667	383
325	217.5	383
325	193.33333	383
325	169.16667	383
325	145	383
325	120.83333	383
325	96.666667	383
325	72.5	383
325	48.333333	383
325	24.166667	383
325	0	383
325	0	351.08333
325	0	319.16667
325	0	287.25
325	0	255.33333
325	0	223.41667
325	0	191.5
325	0	159.58333
325	0	127.66667
325	0	95.75
325	0	63.833333
325	0	31.916667
450	0	0
450	24.166667	0
450	48.333333	0
450	72.5	0
450	96.666667	0
450	120.83333	0
450	145	0
450	169.16667	0
450	193.33333	0
450	217.5	0
450	241.66667	0
450	265.83333	0
450	290	0
450	290	31.916667
450	290	63.833333
450	290	95.75
450	290	127.66667
450	290	159.58333
450	290	191.5
450	290	223.41667
450	290	255.33333
450	290	287.25
450	290	319.16667
450	290	351.08333
450	290	383
450	265.83333	383
450	241.66667	383
450	217.5	383
450	193.33333	383
450	169.16667	383
450	145	383
450	120.83333	383
450	96.666667	383
450	72.5	383
450	48.333333	383
450	24.166667	383
450	0	383
450	0	351.08333
450	0	319.16667
450	0	287.25
450	0	255.33333
450	0	223.41667
450	0	191.5
450	0	159.58333
450	0	127.66667
450	0	95.75
450	0	63.833333
450	0	31.916667
350	0	0
350	24.166667	0
350	48.333333	0
350	72.5	0
350	96.666667	0
350	120.83333	0
350	145	0
350	169.16667	0
350	193.33333	0
350	217.5	0
350	241.66667	0
350	265.83333	0
350	290	0
350	290	31.916667
350	290	63.833333
350	290	95.75
350	290	127.66667
350	290	159.58333
350	290	191.5
350	290	223.41667
350	290	255.33333
350	290	287.25
350	290	319.16667
350	290	351.08333
350	290	383
350	265.83333	383
350	241.66667	383
350	217.5	383
350	193.33333	383
350	169.16667	383
350	145	383
350	120.83333	383
350	96.666667	383
350	72.5	383
350	48.333333	383
350	24.166667	383
350	0	383
350	0	351.08333
350	0	319.16667
350	0	287.25
350	0	255.33333
350	0	223.41667
350	0	191.5
350	0	159.58333
350	0	127.66667
350	0	95.75
350	0	63.833333
350	0	31.916667
450	0	0
450	24.166667	0
450	48.333333	0
450	72.5	0
450	96.666667	0
450	120.83333	0
450	145	0
450	169.16667	0
450	193.33333	0
450	217.5	0
450	241.66667	0
450	265.83333	0
450	290	0
450	290	31.916667
450	290	63.833333
450	290	95.75
450	290	127.66667
450	290	159.58333
450	290	191.5
450	290	223.41667
450	290	255.33333
450	290	287.25
450	290	319.16667
450	290	351.08333
450	290	383
450	265.83333	383
450	241.66667	383
450	217.5	383
450	193.33333	383
450	169.16667	383
450	145	383
450	120.83333	383
450	96.666667	383
450	72.5	383
450	48.333333	383
450	24.166667	383
450	0	383
450	0	351.08333
450	0	319.16667
450	0	287.25
450	0	255.33333
450	0	223.41667
450	0	191.5
450	0	159.58333
450	0	127.66667
450	0	95.75
450	0	63.833333
450	0	31.916667
375	0	0
375	24.166667	0
375	48.333333	0
375	72.5	0
375	96.666667	0
375	120.83333	0
375	145	0
375	169.16667	0
375	193.33333	0
375	217.5	0
375	241.66667	0
375	265.83333	0
375	290	0
375	290	31.916667
375	290	63.833333
375	290	95.75
375	290	127.66667
375	290	159.58333
375	290	191.5
375	290	223.41667
375	290	255.33333
375	290	287.25
375	290	319.16667
375	290	351.08333
375	290	383
375	265.83333	383
375	241.66667	383
375	217.5	383
375	193.33333	383
375	169.16667	383
375	145	383
375	120.83333	383
375	96.666667	383
375	72.5	383
375	48.333333	383
375	24.166667	383
375	0	383
375	0	351.08333
375	0	319.16667
375	0	287.25
375	0	255.33333
375	0	223.41667
375	0	191.5
375	0	159.58333
375	0	127.66667
375	0	95.75
375	0	63.833333
375	0	31.916667
450	0	0
450	24.166667	0
450	48.333333	0
450	72.5	0
450	96.666667	0
450	120.83333	0
450	145	0
450	169.16667	0
450	193.33333	0
450	217.5	0
450	241.66667	0
450	265.83333	0
450	290	0
450	290	31.916667
450	290	63.833333
450	290	95.75
450	290	127.66667
450	290	159.58333
450	290	191.5
450	290	223.41667
450	290	255.33333
450	290	287.25
450	290	319.16667
450	290	351.08333
450	290	383
450	265.83333	383
450	241.66667	383
450	217.5	383
450	193.33333	383
450	169.16667	383
450	145	383
450	120.83333	383
450	96.666667	383
450	72.5	383
450	48.333333	383
450	24.166667	383
450	0	383
450	0	351.08333
450	0	319.16667
450	0	287.25
450	0	255.33333
450	0	223.41667
450	0	191.5
450	0	159.58333
450	0	127.66667
450	0	95.75
450	0	63.833333
450	0	31.916667
400	0	0
400	24.166667	0
400	48.333333	0
400	72.5	0
400	96.666667	0
400	120.83333	0
400	145	0
400	169.16667	0
400	193.33333	0
400	217.5	0
400	241.66667	0
400	265.83333	0
400	290	0
400	290	31.916667
400	290	63.833333
400	290	95.75
400	290	127.66667
400	290	159.58333
400	290	191.5
400	290	223.41667
400	290	255.33333
400	290	287.25
400	290	319.16667
400	290	351.08333
400	290	383
400	265.83333	383
400	241.66667	383
400	217.5	383
400	193.33333	383
400	169.16667	383
400	145	383
400	120.83333	383
400	96.666667	383
400	72.5	383
400	48.333333	383
400	24.166667	383
400	0	383
400	0	351.08333
400	0	319.16667
400	0	287.25
400	0	255.33333
400	0	223.41667
400	0	191.5
400	0	159.58333
400	0	127.66667
400	0	95.75
400	0	63.833333
400	0	31.916667
450	0	0
450	24.166667	0
450	48.333333	0
450	72.5	0
450	96.666667	0
450	120.83333	0
450	145	0
450	169.16667	0
450	193.33333	0
450	217.5	0
450	241.66667	0
450	265.83333	0
450	290	0
450	290	31.916667
450	290	63.833333
450	290	95.75
450	290	127.66667
450	290	159.58333
450	290	191.5
450	290	223.41667
450	290	255.33333
450	290	287.25
450	290	319.16667
450	290	351.08333
450	290	383
450	265.83333	383
450	241.66667	383
450	217.5	383
450	193.33333	383
450	169.16667	383
450	145	383
450	120.83333	383
450	96.666667	383
450	72.5	383
450	48.333333	383
450	24.166667	383
450	0	383
450	0	351.08333
450	0	319.16667
450	0	287.25
450	0	255.33333
450	0	223.41667
450	0	191.5
450	0	159.58333
450	0	127.66667
450	0	95.75
450	0	63.833333
450	0	31.916667
425	0	0
425	24.166667	0
425	48.333333	0
425	72.5	0
425	96.666667	0
425	120.83333	0
425	145	0
425	169.16667	0
425	193.33333	0
425	217.5	0
425	241.66667	0
425	265.83333	0
425	290	0
425	290	31.916667
425	290	63.833333
425	290	95.75
425	290	127.66667
425	290	159.58333
425	290	191.5
425	290	223.41667
425	290	255.33333
425	290	287.25
425	290	319.16667
425	290	351.08333
425	290	383
425	265.83333	383
425	241.66667	383
425	217.5	383
425	193.33333	383
425	169.16667	383
425	145	383
425	120.83333	383
425	96.666667	383
425	72.5	383
425	48.333333	383
425	24.166667	383
425	0	383
425	0	351.08333
425	0	319.16667
425	0	287.25
425	0	255.33333
425	0	223.41667
425	0	191.5
425	0	159.58333
425	0	127.66667
425	0	95.75
425	0	63.833333
425	0	31.916667
450	0	0
450	24.166667	0
450	48.333333	0
450	72.5	0
450	96.666667	0
450	120.83333	0
450	145	0
450	169.16667	0
450	193.33333	0
450	217.5	0
450	241.66667	0
450	265.83333	0
450	290	0
450	290	31.916667
450	290	63.833333
450	290	95.75
450	290	127.66667
450	290	159.58333
450	290	191.5
450	290	223.41667
450	290	255.33333
450	290	287.25
450	290	319.16667
450	290	351.08333
450	290	383
450	265.83333	383
450	241.66667	383
450	217.5	383
450	193.33333	383
450	169.16667	383
450	145	383
450	120.83333	383
450	96.666667	383
450	72.5	383
450	48.333333	383
450	24.166667	383
450	0	383
450	0	351.08333
450	0	319.16667
450	0	287.25
450	0	255.33333
450	0	223.41667
450	0	191.5
450	0	159.58333
450	0	127.66667
450	0	95.75
450	0	63.833333
450	0	31.916667
